camera_matrix:
  - [1361.66092, 0, 954.355844]
  - [0, 1353.53462, 539.492797]
  - [0, 0, 1]
distortion_coefficients: [0.1557793, -0.35602181, 0.00255032, 0.00145971, 0.07611791]
depth_scale: 0.001
baseline: 0.05